12330029.jpg 98, 128 1061, 128 98, 1511 1085, 1494
12353045.jpg 135, 204 1004, 158 135, 1420 1027, 1451
15322244.jpg 167, 167 1094, 184 120, 1519 1094, 1536
15331029.jpg 354, 575 2401, 504 453, 3419 2501, 3383
15331035.jpg 200, 170 1024, 141 200, 1374 1087, 1343
15331046.jpg 236, 547 2474, 468 341, 3563 2474, 3563
15331052.jpg 518, 484 2628, 781 101, 3455 2211, 3752
15331180.jpg 181, 441 2568, 441 239, 3768 2568, 3727
15331220.jpg 34, 68 1036, 50 34, 1502 1061, 1484
15331344.jpg 171, 615 2409, 615 171, 3782 2409, 3743
15331347.jpg 902, 652 2767, 1117 80, 3341 2119, 3926
15331351.jpg 115, 633 2373, 633 171, 3844 2428, 3765
15331353.jpg 152, 541 2504, 500 210, 3866 2561, 3783
15331364.jpg 171, 629 2322, 554 274, 3604 2374, 3568
15331419.jpg 189, 185 1053, 185 126, 1389 1008, 1466
15350039.jpg 111, 140 1089, 123 111, 1529 1114, 1546
15350043.jpg 84, 53 1100, 35 84, 1487 1126, 1505
15353005.jpg 146, 82 1123, 82 78, 1390 1024, 1507
16340017.jpg 90, 127 1082, 127 90, 1520 1082, 1538
16340024.jpg 65, 60 1076, 60 65, 1487 1076, 1469
16340025.jpg 108, 139 1036, 106 62, 1461 1036, 1512
16340028.jpg 133, 138 1058, 122 157, 1498 1128, 1447
16340032.jpg 66, 128 1051, 94 66, 1536 1076, 1518
16340042.jpg 81, 72 1059, 72 81, 1452 1059, 1452
16340044.jpg 58, 54 1099, 36 84, 1489 1099, 1507
16340046.jpg 69, 68 1119, 50 94, 1523 1119, 1523
16340049.jpg 106, 44 1105, 44 81, 1461 1105, 1479
16340050.jpg 128, 116 1078, 100 151, 1436 1078, 1420
16340054.jpg 75, 53 1092, 53 50, 1476 1067, 1493
16340055.jpg 51, 83 1078, 65 51, 1546 1104, 1546
16340056.jpg 53, 50 1119, 31 80, 1556 1146, 1538
16340071.jpg 120, 74 1116, 74 120, 1485 1116, 1485
16340072.jpg 140, 73 1141, 73 115, 1495 1141, 1513
16340084.jpg 210, 183 1027, 169 189, 1431 1135, 1398
16340085.jpg 201, 223 1066, 223 137, 1444 1043, 1507
16340088.jpg 83, 102 1067, 51 83, 1478 1092, 1514
16340089.jpg 145, 94 1114, 61 97, 1486 1139, 1522
16340090.jpg 108, 39 1124, 21 34, 1452 1071, 1543
16340094.jpg 166, 123 1057, 107 166, 1401 1079, 1401
16340109.jpg 124, 115 1052, 115 101, 1468 1075, 1451
16340115.jpg 83, 88 1110, 70 58, 1538 1110, 1556
16340116.jpg 119, 122 1089, 122 142, 1472 1089, 1472
16340121.jpg 162, 113 1108, 113 162, 1476 1131, 1459
16340125.jpg 148, 188 1026, 158 126, 1438 1049, 1470
16340129.jpg 68, 14 1146, 14 68, 1517 1120, 1517
16340131.jpg 39, 45 1113, 45 66, 1553 1113, 1534
16340133.jpg 157, 168 1021, 138 135, 1380 1021, 1426
16340139.jpg 137, 124 1093, 124 113, 1515 1117, 1497
16340141.jpg 149, 190 1063, 190 149, 1477 1063, 1477
16340145.jpg 100, 55 1110, 55 100, 1483 1110, 1483
16340147.jpg 119, 157 1057, 125 119, 1505 1105, 1505
16340150.jpg 50, 133 1034, 81 124, 1551 1132, 1480
16340178.jpg 160, 89 1102, 89 90, 1428 1078, 1497
16340186.jpg 85, 132 1034, 98 62, 1459 1034, 1510
16340190.jpg 63, 83 1062, 66 88, 1525 1112, 1490
16340193.jpg 138, 166 1065, 133 115, 1454 1065, 1503
16340203.jpg 136, 115 1093, 98 90, 1431 1044, 1498
16340206.jpg 105, 104 1065, 87 105, 1445 1065, 1461
16340216.jpg 143, 190 1025, 159 76, 1454 1025, 1521
16340219.jpg 84, 83 1097, 83 84, 1516 1097, 1516
16340220.jpg 95, 143 1044, 143 95, 1541 1092, 1506
16340224.jpg 141, 226 1022, 180 141, 1503 1092, 1503
16340225.jpg 113, 162 1037, 145 67, 1478 1037, 1529
16340228.jpg 66, 51 1074, 34 91, 1456 1074, 1456
16340240.jpg 126, 112 1096, 112 126, 1487 1096, 1470
16340246.jpg 104, 128 1008, 81 82, 1379 1008, 1427
16340250.jpg 122, 101 1077, 117 74, 1485 1077, 1503
16340260.jpg 88, 76 1043, 76 88, 1427 1043, 1427
16340269.jpg 92, 92 1096, 92 116, 1479 1072, 1479
16340282.jpg 99, 109 1043, 92 99, 1419 1043, 1436
16340285.jpg 54, 65 1061, 47 78, 1470 1061, 1470
16340311.jpg 105, 173 1030, 125 105, 1475 1054, 1508
16341005.jpg 78, 125 1046, 108 78, 1502 1070, 1502
16341006.jpg 115, 133 1062, 133 91, 1538 1110, 1520
16341024.jpg 153, 180 964, 180 74, 1310 901, 1397
16348080.jpg 107, 118 1054, 118 38, 1442 1005, 1509
